CTL 2020070200 2000 TYPHOON1
000 126.8 18.1 22.3 995.7
006 125.9 19.3 23.3 990.9
012 124.9 20.0 26.9 989.0
018 124.0 20.9 30.7 983.9
024 123.5 21.7 33.6 980.5
030 123.2 23.3 39.0 970.6
036 123.0 24.7 43.0 960.0
042 122.5 26.4 44.2 948.5
048 122.2 27.7 40.9 954.2
054 122.5 29.1 32.8 960.2
060 122.9 30.3 32.5 969.8
066 123.5 31.5 29.3 976.6
072 124.4 33.0 30.1 979.6
078 125.4 34.5 29.6 976.1
084 126.9 35.9 28.5 976.6
090 128.3 37.6 23.0 982.4
096 130.0 39.1 26.9 985.1
102 131.4 39.7 26.0 985.0
108 132.8 40.3 25.1 984.9
114 134.7 40.6 24.1 987.3
120 136.5 40.8 22.9 989.5
