CTL 2020070100 2000 TYPHOON1
000 132.1 15.4 18.3 1005.2
006 130.2 17.2 19.1 1000.3
012 129.6 17.6 18.6 1001.0
018 128.4 18.3 20.0 997.1
024 127.4 19.0 22.0 997.3
030 126.3 19.6 23.4 992.0
036 125.3 20.3 26.6 990.5
042 124.5 21.1 29.2 985.5
048 123.9 22.2 32.4 981.8
054 124.0 23.4 36.5 973.6
060 123.8 25.3 40.2 966.8
066 123.6 26.9 41.3 954.2
072 123.7 28.6 40.2 951.1
078 124.2 30.1 38.7 956.1
084 125.2 31.5 36.7 958.5
090 126.2 33.1 37.9 959.0
096 127.8 34.8 37.2 962.0
102 129.7 36.4 33.9 967.8
108 131.6 38.1 30.7 973.5
114 133.0 39.4 30.8 973.2
120 134.3 40.5 30.9 972.7
