CTL 2020070500 2000 TYPHOON1
000 124.0 32.0 22.8 989.6
006 124.9 33.2 22.0 988.2
012 126.6 34.3 24.7 987.1
018 128.6 36.2 24.0 987.1
024 130.3 37.5 26.7 983.5
030 131.7 38.5 29.6 979.9
036 133.2 38.8 28.3 979.8
042 134.9 39.2 25.5 979.5
048 136.6 39.2 26.0 979.8
054 138.5 39.4 30.3 978.1
060 141.0 38.7 22.6 984.7
066 143.8 39.0 23.4 988.2
072 146.4 40.0 24.4 991.4
078 148.7 41.6 23.1 991.9
084 151.1 43.9 22.4 994.0
090 -0.1 -0.1 -0.1   0.8
096 -0.0 -0.0 -0.0   1.0
102  0.0 0.0 0.0   1.0
108  0.0 0.0 0.0   1.0
114  0.1 0.1 0.1   1.2
120  0.1 0.1 0.1   1.2
