CTL 2020070400 2000 TYPHOON1
000 122.5 27.5 34.0 966.1
006 122.3 29.0 30.1 973.1
012 122.5 29.9 28.6 976.2
018 123.0 31.0 27.1 976.4
024 123.9 32.0 28.7 976.6
030 124.9 33.2 28.5 972.8
036 126.2 34.4 29.1 973.3
042 127.6 35.7 27.1 976.2
048 128.5 37.0 23.3 982.2
054 130.1 37.6 24.7 982.9
060 131.0 38.5 24.9 984.8
066 131.9 38.3 23.0 985.8
072 133.2 38.0 21.8 989.8
078 134.9 38.0 21.1 990.8
084 136.4 37.9 19.5 995.1
090 137.9 38.2 15.8 999.3
096 142.6 41.9 18.7 1002.2
102 145.8 44.1 19.8 999.7
108 149.0 46.3 20.9 997.3
114 153.0 49.1 21.0 996.9
120 157.0 51.8 21.0 996.4
