CTL 2020070412 2000 TYPHOON1
000 122.5 30.0 28.5 980.9
006 123.0 31.1 25.9 982.1
012 123.7 32.2 25.8 984.2
018 124.9 33.4 25.9 980.2
024 126.6 34.7 27.6 979.7
030 128.3 36.2 24.6 982.1
036 129.7 37.8 26.9 982.4
042 131.1 38.7 29.4 978.1
048 132.2 38.9 28.0 978.5
054 133.5 39.0 24.5 980.2
060 135.1 38.9 24.7 982.5
066 136.7 38.9 25.8 983.2
072 138.7 38.5 30.1 987.7
078 141.5 37.3 20.6 999.0
084 143.9 42.1 16.9 1001.9
090 146.7 43.8 17.1 998.7
096 151.7 46.9 20.1 997.7
102 154.0 50.3 20.3 994.2
108 156.2 53.7 20.5 990.8
114 158.3 54.6 21.6 986.3
120 160.2 55.4 22.6 981.6
