CTL 2020070312 2000 TYPHOON1
000 122.9 24.6 38.9 963.4
006 123.0 26.9 43.3 942.7
012 122.8 28.4 39.1 953.0
018 123.2 29.7 34.6 961.4
024 123.9 31.0 34.5 966.0
030 124.7 32.2 31.6 966.5
036 126.0 33.4 33.2 967.3
042 127.6 34.9 32.6 965.6
048 129.2 36.4 30.3 972.9
054 130.8 37.8 27.7 974.4
060 131.9 38.8 31.8 973.2
066 133.2 39.4 32.4 970.5
072 134.4 39.4 27.2 973.4
078 135.7 38.8 26.8 974.6
084 137.1 38.3 30.0 978.7
090 138.5 36.7 18.7 995.2
096 140.4 35.5 20.2 998.7
102 141.4 34.9 18.4 1001.2
108 142.4 34.3 16.6 1003.6
114 143.6 34.5 14.9 1005.3
120 144.6 34.6 13.1 1006.9
