CTL 2020070300 2000 TYPHOON1
000 123.0 21.7 34.5 976.9
006 122.8 23.3 40.9 966.8
012 122.3 24.7 41.8 957.6
018 122.1 25.9 39.3 964.0
024 122.1 27.5 38.5 956.9
030 122.2 28.7 33.6 962.5
036 122.7 29.7 30.8 971.0
042 123.1 30.9 28.5 977.6
048 123.8 32.0 29.3 978.7
054 124.9 33.5 28.9 975.0
060 125.8 34.6 31.1 974.6
066 126.9 35.7 27.1 976.7
072 128.2 36.5 21.1 985.4
078 129.8 37.1 22.5 988.6
084 131.4 37.8 22.3 989.3
090 132.7 38.0 22.3 988.4
096 134.4 37.8 22.0 990.4
102 135.5 37.3 20.2 994.2
108 136.7 36.9 18.5 998.0
114 138.8 36.5 17.0 1001.3
120 140.8 36.1 15.5 1004.3
