CTL 2020070212 2000 TYPHOON1
000 124.8 20.2 33.2 985.1
006 123.4 21.2 31.5 978.7
012 122.9 21.9 37.3 972.3
018 122.8 23.3 43.6 958.0
024 122.4 24.8 44.9 945.2
030 121.8 25.8 36.7 964.7
036 121.6 27.1 39.0 958.9
042 121.8 28.3 32.5 965.3
048 121.9 29.2 30.1 976.7
054 122.2 30.3 25.9 984.5
060 123.0 31.4 27.9 984.9
066 123.9 33.0 28.1 981.0
072 124.9 34.3 29.2 979.9
078 125.8 35.3 27.0 979.4
084 127.0 36.3 23.8 981.8
090 128.2 37.0 20.9 986.8
096 130.0 37.4 21.4 992.7
102 131.2 37.5 21.3 993.8
108 132.4 37.6 21.2 994.9
114 133.8 37.1 20.3 998.8
120 135.1 36.6 19.3 1002.5
