CTL 2020070512 2000 TYPHOON1
000 126.4 34.3 19.4 993.1
006 128.3 36.1 19.4 992.8
012 129.8 37.4 21.4 990.5
018 131.5 38.2 25.5 985.6
024 133.0 38.8 26.2 985.6
030 134.3 38.8 24.8 984.0
036 136.4 38.9 24.4 985.7
042 138.3 38.9 27.2 985.0
048 140.9 37.9 20.2 991.0
054 143.9 38.0 21.6 993.5
060 146.3 39.0 19.7 995.5
066 148.4 40.7 19.5 995.2
072 150.9 42.6 20.3 996.5
078 -0.2 -0.2 -0.2   0.6
084 -0.1 -0.1 -0.1   0.8
090 -0.1 -0.1 -0.1   0.8
096 -0.0 -0.0 -0.0   1.0
102  0.0 0.0 0.0   1.0
108  0.0 0.0 0.0   1.0
114  0.1 0.1 0.1   1.2
120  0.1 0.1 0.1   1.2
