CTL 2020070112 2000 TYPHOON1
000 129.2 17.6 20.7 999.5
006 127.8 18.1 24.3 993.2
012 126.7 18.7 23.8 993.3
018 125.9 19.5 24.3 988.7
024 125.1 20.2 31.7 986.1
030 124.1 21.1 30.8 979.8
036 123.7 22.1 35.4 974.6
042 123.5 23.4 41.0 964.1
048 123.5 25.1 45.7 952.7
054 123.2 26.8 46.7 940.5
060 123.3 28.2 41.6 946.8
066 123.9 29.7 38.1 954.1
072 124.9 31.2 36.9 959.0
078 126.0 32.7 37.1 961.0
084 127.6 34.5 40.4 957.9
090 129.2 36.2 33.3 959.0
096 130.8 37.8 28.9 974.5
102 131.8 38.9 29.0 975.9
108 132.8 39.9 29.1 977.4
114 134.3 40.1 27.3 979.6
120 135.6 40.2 25.5 981.6
