EXP 2020070412 2000 TYPHOON1
000 122.5 30.0 28.5 980.9
006 123.1 31.1 25.9 982.0
012 124.0 32.3 25.9 984.2
018 125.3 33.5 26.0 980.1
024 127.1 34.8 27.7 979.5
030 129.0 36.4 24.8 982.0
036 130.5 38.0 27.1 982.2
042 132.0 38.9 29.6 977.8
048 133.3 39.2 28.3 978.3
054 134.7 39.3 24.8 979.9
060 136.5 39.3 25.1 982.3
066 138.2 39.3 26.2 982.9
072 140.3 38.9 30.5 987.3
078 143.3 37.8 21.1 998.7
084 145.8 42.6 17.4 1001.5
090 148.6 44.3 17.6 998.3
096 153.7 47.4 20.6 997.2
102 156.0 50.8 20.8 993.7
108 158.2 54.2 21.0 990.3
114 160.4 55.1 22.1 985.7
120 162.3 55.9 23.1 981.0
