EXP 2020070112 2000 TYPHOON1
000 129.2 17.6 20.7 999.5
006 127.9 18.1 24.3 993.1
012 127.0 18.8 23.9 993.3
018 126.3 19.6 24.4 988.6
024 125.6 20.3 31.8 985.9
030 124.8 21.3 31.0 979.7
036 124.5 22.3 35.6 974.4
042 124.4 23.6 41.2 963.8
048 124.6 25.4 46.0 952.5
054 124.4 27.1 47.0 940.2
060 124.7 28.6 42.0 946.6
066 125.4 30.1 38.5 953.8
072 126.5 31.6 37.3 958.6
078 127.8 33.2 37.6 960.7
084 129.5 35.0 40.9 957.5
090 131.1 36.7 33.8 958.6
096 132.8 38.3 29.4 974.0
102 133.8 39.4 29.5 975.4
108 134.8 40.4 29.6 976.9
114 136.4 40.6 27.8 979.0
120 137.7 40.7 26.0 981.0
