EXP 2020070400 2000 TYPHOON1
000 122.5 27.5 34.0 966.1
006 122.4 29.0 30.1 973.0
012 122.8 30.0 28.7 976.2
018 123.4 31.1 27.2 976.3
024 124.4 32.1 28.8 976.4
030 125.6 33.4 28.7 972.7
036 127.0 34.6 29.3 973.1
042 128.5 35.9 27.3 975.9
048 129.6 37.3 23.6 982.0
054 131.3 37.9 25.0 982.6
060 132.4 38.9 25.3 984.6
066 133.4 38.7 23.4 985.5
072 134.8 38.4 22.2 989.4
078 136.7 38.5 21.6 990.5
084 138.3 38.4 20.0 994.7
090 139.8 38.7 16.3 998.9
096 144.6 42.4 19.2 1001.7
102 147.8 44.6 20.3 999.2
108 151.0 46.8 21.4 996.8
114 155.1 49.6 21.5 996.3
120 159.1 52.3 21.5 995.8
