EXP 2020070300 2000 TYPHOON1
000 123.0 21.7 34.5 976.9
006 122.9 23.3 40.9 966.7
012 122.6 24.8 41.9 957.6
018 122.5 26.0 39.4 963.9
024 122.6 27.6 38.6 956.7
030 122.9 28.9 33.8 962.4
036 123.5 29.9 31.0 970.8
042 124.0 31.1 28.7 977.3
048 124.9 32.3 29.6 978.5
054 126.1 33.8 29.2 974.7
060 127.2 35.0 31.5 974.4
066 128.4 36.1 27.5 976.4
072 129.8 36.9 21.5 985.0
078 131.6 37.6 23.0 988.3
084 133.3 38.3 22.8 988.9
090 134.6 38.5 22.8 988.0
096 136.4 38.3 22.5 989.9
102 137.5 37.8 20.7 993.7
108 138.7 37.4 19.0 997.5
114 140.9 37.0 17.5 1000.7
120 142.9 36.6 16.0 1003.7
