EXP 2020070512 2000 TYPHOON1
000 126.4 34.3 19.4 993.1
006 128.4 36.1 19.4 992.7
012 130.1 37.5 21.5 990.5
018 131.9 38.3 25.6 985.5
024 133.5 38.9 26.3 985.4
030 135.0 39.0 25.0 983.9
036 137.2 39.1 24.6 985.5
042 139.2 39.1 27.4 984.7
048 142.0 38.2 20.5 990.8
054 145.1 38.3 21.9 993.2
060 147.7 39.4 20.1 995.3
066 149.9 41.1 19.9 994.9
072 152.5 43.0 20.7 996.1
078  1.6 0.3 0.3   0.3
084  1.8 0.4 0.4   0.4
090  1.8 0.4 0.4   0.4
096  2.0 0.5 0.5   0.5
102  2.0 0.5 0.5   0.5
108  2.0 0.5 0.5   0.5
114  2.2 0.6 0.6   0.6
120  2.2 0.6 0.6   0.6
