EXP 2020070212 2000 TYPHOON1
000 124.8 20.2 33.2 985.1
006 123.5 21.2 31.5 978.6
012 123.2 22.0 37.4 972.3
018 123.2 23.4 43.7 957.9
024 122.9 24.9 45.0 945.0
030 122.5 26.0 36.9 964.6
036 122.4 27.3 39.2 958.7
042 122.7 28.5 32.7 965.0
048 123.0 29.5 30.4 976.5
054 123.4 30.6 26.2 984.2
060 124.4 31.8 28.3 984.7
066 125.4 33.4 28.5 980.7
072 126.5 34.7 29.6 979.5
078 127.6 35.8 27.5 979.1
084 128.9 36.8 24.3 981.4
090 130.1 37.5 21.4 986.4
096 132.0 37.9 21.9 992.2
102 133.2 38.0 21.8 993.3
108 134.4 38.1 21.7 994.4
114 135.9 37.6 20.8 998.2
120 137.2 37.1 19.8 1001.9
