EXP 2020070312 2000 TYPHOON1
000 122.9 24.6 38.9 963.4
006 123.1 26.9 43.3 942.6
012 123.1 28.5 39.2 953.0
018 123.6 29.8 34.7 961.3
024 124.4 31.1 34.6 965.8
030 125.4 32.4 31.8 966.4
036 126.8 33.6 33.4 967.1
042 128.5 35.1 32.8 965.3
048 130.3 36.7 30.6 972.7
054 132.0 38.1 28.0 974.1
060 133.3 39.2 32.2 973.0
066 134.7 39.8 32.8 970.2
072 136.0 39.8 27.6 973.0
078 137.5 39.3 27.3 974.3
084 139.0 38.8 30.5 978.3
090 140.4 37.2 19.2 994.8
096 142.4 36.0 20.7 998.2
102 143.4 35.4 18.9 1000.7
108 144.4 34.8 17.1 1003.1
114 145.7 35.0 15.4 1004.7
120 146.7 35.1 13.6 1006.3
