EXP 2020070500 2000 TYPHOON1
000 124.0 32.0 22.8 989.6
006 125.0 33.2 22.0 988.1
012 126.9 34.4 24.8 987.1
018 129.0 36.3 24.1 987.0
024 130.8 37.6 26.8 983.3
030 132.4 38.7 29.8 979.8
036 134.0 39.0 28.5 979.6
042 135.8 39.4 25.7 979.2
048 137.7 39.5 26.3 979.6
054 139.7 39.7 30.6 977.8
060 142.4 39.1 23.0 984.5
066 145.3 39.4 23.8 987.9
072 148.0 40.4 24.8 991.0
078 150.5 42.1 23.6 991.6
084 153.0 44.4 22.9 993.6
090  1.8 0.4 0.4   0.4
096  2.0 0.5 0.5   0.5
102  2.0 0.5 0.5   0.5
108  2.0 0.5 0.5   0.5
114  2.2 0.6 0.6   0.6
120  2.2 0.6 0.6   0.6
