EXP 2020070100 2000 TYPHOON1
000 132.1 15.4 18.3 1005.2
006 130.3 17.2 19.1 1000.2
012 129.9 17.7 18.7 1001.0
018 128.8 18.4 20.1 997.0
024 127.9 19.1 22.1 997.1
030 127.0 19.8 23.6 991.9
036 126.1 20.5 26.8 990.3
042 125.4 21.3 29.4 985.2
048 125.0 22.5 32.7 981.6
054 125.2 23.7 36.8 973.3
060 125.2 25.7 40.6 966.6
066 125.1 27.3 41.7 953.9
072 125.3 29.0 40.6 950.7
078 126.0 30.6 39.2 955.8
084 127.1 32.0 37.2 958.1
090 128.1 33.6 38.4 958.6
096 129.8 35.3 37.7 961.5
102 131.7 36.9 34.4 967.3
108 133.6 38.6 31.2 973.0
114 135.1 39.9 31.3 972.6
120 136.4 41.0 31.4 972.1
