EXP 2020070200 2000 TYPHOON1
000 126.8 18.1 22.3 995.7
006 126.0 19.3 23.3 990.8
012 125.2 20.1 27.0 989.0
018 124.4 21.0 30.8 983.8
024 124.0 21.8 33.7 980.3
030 123.9 23.5 39.2 970.5
036 123.8 24.9 43.2 959.8
042 123.4 26.6 44.4 948.2
048 123.3 28.0 41.2 954.0
054 123.7 29.4 33.1 959.9
060 124.3 30.7 32.9 969.6
066 125.0 31.9 29.7 976.3
072 126.0 33.4 30.5 979.2
078 127.2 35.0 30.1 975.8
084 128.8 36.4 29.0 976.2
090 130.2 38.1 23.5 982.0
096 132.0 39.6 27.4 984.6
102 133.4 40.2 26.5 984.5
108 134.8 40.8 25.6 984.4
114 136.8 41.1 24.6 986.7
120 138.6 41.3 23.4 988.9
